17.2564 0.266093 0.118333 0.0916667 0.128531 0.083484 0.226648 0.218333 0.238333 0.053928 0.1392 0.231736 0.181667 0.125 0.231736 0.128315 0.275524 0.0483333 0.0516667 0.161842 0.217707 0.303824 0.0916667 0.108333 0.082295 0.030138 0.252795 0.231667 0.168333 0.091243 0.235191 0.378278 0.168333 0.188333 0.165336 0.074375 0.0651025 0.0583333 0.0616667 0.0651025 0.19019 0.159634 0.111667 0.0916667 0.110544 0.048785 0.235604 0.235604 0.225 0.07339 0.192687 0.350182 0.178333 0.181667 0.350182 0.155335 0.25458 0.0516667 0.0683333 0.178449 0.268445 
17.3544 0.412412 0.055 0.0416667 0.074856 0.082071 4.34271e-07 4.34271e-07 0.165 0.009 0.0321543 0.470881 0.085 0.0583333 0.103079 0.0351 0.116706 0.025 0.0383333 0.103283 0.1692 0.374271 0.0616667 0.118333 0.045991 0.047237 0.276987 0.151667 0.178333 0.276987 0.366938 0.348742 0.128333 0.0583333 0.32388 0.266376 8.95535e-11 8.95535e-11 0.0383333 0.009 0.0521958 0.284939 0.0616667 0.0316667 0.051946 0.038006 6.12851e-12 6.12851e-12 0.211667 0.009 0.18519 0.636041 0.135 0.0616667 0.159009 0.051673 0.07902 0.035 0.0383333 0.079021 0.200403 
17.451 0.39003 0.0516667 0.035 0.071346 0.040299 9.42037e-07 9.42037e-07 0.118333 0.009 0.0992163 0.502754 0.0716667 0.0416667 0.120653 0.037572 0.107215 0.0283333 0.0216667 0.100576 0.173496 0.294291 0.0883333 0.0683333 0.041693 0.066115 0.400609 0.145 0.138333 0.400609 0.333131 0.3051 0.0816667 0.0783333 0.3051 0.350506 1.4899e-09 1.4899e-09 0.025 0.009 0.025317 0.258149 0.0383333 0.0283333 0.047401 0.024747 4.11405e-08 4.11405e-08 0.0883333 0.009 0.223847 0.672068 0.0883333 0.055 0.167884 0.052058 0.0697829 0.0283333 0.035 0.0697839 0.205338 
17.5507 0.4074 0.055 0.0316667 0.072473 0.034932 0.0206158 0.0206158 0.105 0.0206158 0.108496 0.455039 0.065 0.045 0.094971 0.034292 0.116946 0.0283333 0.0183333 0.088686 0.157782 0.332951 0.0616667 0.0483333 0.029005 0.053358 0.384397 0.0683333 0.118333 0.384397 0.297537 0.282652 0.0916667 0.0616667 0.282652 0.333597 3.18989e-11 3.18989e-11 0.0316667 0.009 0.0284081 0.27368 0.0416667 0.025 0.047381 0.009 0.0181234 0.0181234 0.105 0.0181234 0.183072 0.625169 0.0916667 0.0416667 0.150737 0.042542 0.083027 0.0316667 0.0283333 0.083027 0.191084 
17.6486 0.268198 0.065 0.0616667 0.046272 0.031842 0.330146 0.108333 0.108333 0.092149 0.130223 0.268213 0.0616667 0.0716667 0.111395 0.042149 0.133442 0.025 0.0216667 0.065704 0.124253 0.219991 0.0416667 0.0483333 0.009 0.143708 0.688291 0.101667 0.0783333 0.298132 0.068284 0.0633317 0.0633317 0.0683333 0.0633317 0.276147 0.028387 0.0283333 0.0183333 0.028387 0.040073 0.130057 0.0483333 0.0516667 0.016984 0.009 0.359929 0.118333 0.115 0.131893 0.195095 0.390253 0.0983333 0.0916667 0.139917 0.057084 0.119761 0.0283333 0.0383333 0.066914 0.148816 
17.7493 0.486109 0.0483333 0.0316667 0.094514 0.062643 0.00980642 0.00980642 0.0816667 0.00980642 0.0538203 0.411825 0.0616667 0.0416667 0.079141 0.024304 0.0922603 0.0216667 0.0216667 0.0760216 0.14115 0.425389 0.0583333 0.0516667 0.020088 0.082854 0.400031 0.0916667 0.0783333 0.373521 0.152995 0.17458 0.065 0.0516667 0.17458 0.341384 4.49145e-11 4.49145e-11 0.0183333 0.009 0.009 0.326848 0.0516667 0.0216667 0.069174 0.020385 0.0330554 0.0183333 0.111667 0.0330554 0.160913 0.579785 0.075 0.0383333 0.137337 0.03803 0.0603119 0.025 0.0216667 0.0603119 0.174409 
17.8493 0.560131 0.0283333 0.0216667 0.104219 0.054534 1.00635e-07 1.00635e-07 0.0483333 0.009 0.127316 0.41237 0.0283333 0.0216667 0.135168 0.019018 0.0274995 0.0116667 0.00833333 0.0275005 0.106225 0.474705 0.0283333 0.0283333 0.055506 0.277805 0.525295 0.0416667 0.0316667 0.277805 0.025705 2.11033e-08 2.11033e-08 0.015 0.009 0.285585 7.86204e-13 7.86204e-13 0.00166667 0.009 0.009 0.359413 0.0316667 0.025 0.049481 0.009 0.0820339 0.0483333 0.0683333 0.0820339 0.299242 0.558553 0.0416667 0.0316667 0.252431 0.069074 2.99139e-08 2.99139e-08 0.0116667 0.009 0.110275 
17.949 0.600074 0.0383333 0.0183333 0.113424 0.069653 1.15881e-10 1.15881e-10 0.0683333 0.009 0.0902321 0.373251 0.035 0.025 0.128977 0.035219 0.0266747 0.0116667 0.0116667 0.0229648 0.0911263 0.577178 0.0316667 0.035 0.096942 0.275306 0.422822 0.0383333 0.0383333 0.275306 0.054933 2.05872e-09 2.05872e-09 0.0183333 0.009 0.247436 4.43646e-11 4.43646e-11 0.00166667 0.009 0.009 0.400428 0.0383333 0.0283333 0.062474 0.009 0.0711245 0.0583333 0.065 0.0711245 0.281363 0.528448 0.0483333 0.0383333 0.24199 0.06457 5.5619e-08 5.5619e-08 0.015 0.009 0.0973309 
18.0475 0.631627 0.0483333 0.0183333 0.116848 0.092659 2.31356e-10 2.31356e-10 0.085 0.009 0.0862012 0.360626 0.0316667 0.0283333 0.148408 0.046273 0.00774773 0.00774773 0.00833333 0.009 0.0848943 0.6896 0.0416667 0.0316667 0.193495 0.289205 0.3104 0.0383333 0.045 0.289205 0.145275 2.9321e-13 2.9321e-13 0.0216667 0.009 0.168352 3.11878e-12 3.11878e-12 0.00166667 0.009 0.009 0.407555 0.0383333 0.0316667 0.049641 0.024137 0.123641 0.0616667 0.065 0.123641 0.270104 0.468804 0.035 0.035 0.236347 0.117808 2.54742e-11 2.54742e-11 0.00833333 0.009 0.069424 
18.148 0.686577 0.0416667 0.035 0.127161 0.108925 5.42397e-09 5.42397e-09 0.0716667 0.009 0.109218 0.313423 0.0383333 0.0183333 0.169481 0.078405 7.66003e-10 7.66003e-10 0.0116667 0.009 0.069361 0.841412 0.0516667 0.0383333 0.312955 0.158588 0.158588 0.0483333 0.0483333 0.158588 0.261483 1.19889e-08 1.19889e-08 0.0216667 0.009 0.0854928 9.84394e-10 9.84394e-10 0.00166667 0.009 0.009 0.412569 0.0416667 0.045 0.027707 0.03614 0.2075 0.0783333 0.065 0.2075 0.249561 0.37993 0.025 0.0416667 0.227547 0.204584 2.06847e-09 2.06847e-09 0.0116667 0.009 0.0429529 
18.2479 0.653621 0.075 0.055 0.107205 0.112697 0.128816 0.0916667 0.105 0.0458572 0.061262 0.191172 0.055 0.0283333 0.11886 0.113388 0.0263905 0.0116667 0.0116667 0.0161423 0.0557231 0.88599 0.045 0.0283333 0.339296 0.11401 0.11401 0.0483333 0.0483333 0.11401 0.319592 2.0739e-08 2.0739e-08 0.0216667 0.009 0.0518542 6.76181e-12 6.76181e-12 0.00166667 0.009 0.009 0.382125 0.045 0.0416667 0.045957 0.052138 0.306776 0.0883333 0.0683333 0.153028 0.157308 0.301221 0.0583333 0.0483333 0.167886 0.155559 0.00987715 0.00833333 0.015 0.00987815 0.0604908 
18.3473 0.639693 0.0616667 0.055 0.076842 0.08276 0.108977 0.108333 0.0916667 0.108977 0.157983 0.251331 0.045 0.045 0.188723 0.163548 3.93508e-11 3.93508e-11 0.00833333 0.009 0.040594 0.909876 0.045 0.035 0.380561 0.090124 0.0901241 0.0616667 0.0416667 0.0901241 0.380561 1.50047e-13 1.50047e-13 0.0116667 0.009 0.009 1.94289e-14 1.94289e-14 0.005 0.009 0.009 0.344281 0.0616667 0.045 0.022459 0.031264 0.33501 0.0816667 0.0983333 0.321545 0.236002 0.320709 0.0583333 0.0516667 0.224376 0.292774 4.13669e-11 4.13669e-11 0.0116667 0.009 0.0201618 
18.4478 0.576181 0.0583333 0.0683333 0.044663 0.094363 0.255218 0.118333 0.105 0.187547 0.128978 0.1686 0.045 0.0616667 0.1686 0.218884 1.48433e-11 1.48433e-11 0.00833333 0.009 0.0198656 0.988012 0.0283333 0.00833333 0.398339 0.011988 0.0119884 0.00166667 0.0183333 0.0119884 0.398339 1.84464e-13 1.84464e-13 -0.00166667 0.009 0.009 7.94365e-14 7.94365e-14 0.00166667 0.009 0.009 0.280758 0.065 0.0416667 0.022083 0.048013 0.472975 0.055 0.105 0.352945 0.229616 0.246267 0.055 0.0283333 0.224011 0.303945 4.45509e-10 4.45509e-10 0.0116667 0.009 0.009 
18.5464 0.429506 0.095 0.095 0.017788 0.051594 0.379904 0.135 0.155 0.319612 0.178064 0.19059 0.075 0.0516667 0.19059 0.294766 4.07506e-11 4.07506e-11 0.00833333 0.009 0.009 0.830903 0.0683333 0.0483333 0.389837 0.169097 0.169097 0.065 0.0716667 0.169097 0.389837 2.19827e-11 2.19827e-11 0.0283333 0.009 0.009 5.86237e-09 5.86237e-09 0.00166667 0.009 0.009 0.191427 0.055 0.065 0.0365 0.080722 0.492671 0.095 0.0783333 0.415521 0.2948 0.315902 0.065 0.0616667 0.261413 0.334799 1.06552e-10 1.06552e-10 0.015 0.009 0.009 
18.6476 0.38778 0.085 0.0716667 0.019682 0.036417 0.396264 0.121667 0.158333 0.303073 0.216619 0.215956 0.075 0.055 0.215956 0.275352 8.71021e-10 8.71021e-10 0.015 0.009 0.0093421 0.765438 0.0716667 0.101667 0.374463 0.234562 0.234562 0.128333 0.095 0.234562 0.374463 3.22702e-09 3.22702e-09 0.0616667 0.009 0.009 2.59986e-12 2.59986e-12 0.00166667 0.009 0.009 0.178616 0.075 0.0716667 0.04757 0.078643 0.449701 0.121667 0.111667 0.397759 0.32201 0.371683 0.0683333 0.0583333 0.27741 0.319116 1.77799e-08 1.77799e-08 0.0216667 0.009 0.009 
18.748 0.15278 0.075 0.101667 0.026563 0.037475 0.626842 0.185 0.138333 0.324615 0.238538 0.220378 0.0916667 0.0816667 0.220378 0.284422 2.7291e-10 2.7291e-10 0.0183333 0.009 0.009 0.505486 0.105 0.0983333 0.361813 0.427049 0.494514 0.118333 0.118333 0.42705 0.361813 4.85195e-12 4.85195e-12 0.075 0.009 0.009 6.4343e-13 6.4343e-13 0.00833333 0.009 0.009 0.00940674 0.00166667 0.0516667 0.00940674 0.0857107 0.563607 0.095 0.0716667 0.398199 0.278254 0.426987 0.075 0.0516667 0.268848 0.312488 8.31718e-10 8.31718e-10 0.0183333 0.009 0.009 
18.8453 0.0590244 0.0516667 0.0983333 0.0209643 0.107402 0.814127 0.128333 0.111667 0.367967 0.138668 0.126849 0.0816667 0.0716667 0.126849 0.315824 1.35675e-09 1.35675e-09 0.015 0.009 0.009 0.531214 0.105 0.085 0.384197 0.464299 0.468786 0.0983333 0.118333 0.464299 0.384197 4.85078e-09 4.85078e-09 0.0483333 0.009 0.009 4.53666e-10 4.53666e-10 0.005 0.009 0.009 1.43494e-10 1.43494e-10 0.045 0.009 0.0290009 0.594317 0.085 0.0583333 0.320066 0.287433 0.405683 0.0516667 0.075 0.287433 0.291065 1.25753e-09 1.25753e-09 0.0216667 0.009 0.009 
18.9487 0.0907257 0.085 0.085 0.0139788 0.0261233 0.645843 0.191667 0.118333 0.319479 0.274595 0.263432 0.0916667 0.0983333 0.263432 0.293355 1.45661e-12 1.45661e-12 0.0183333 0.009 0.009 0.359469 0.108333 0.131667 0.271287 0.462328 0.640531 0.148333 0.121667 0.462328 0.271287 4.44917e-11 4.44917e-11 0.0483333 0.009 0.009 1.82329e-10 1.82329e-10 0.015 0.009 0.009 0.0336924 0.0216667 0.075 0.0336748 0.0483657 0.401377 0.118333 0.108333 0.34435 0.354663 0.564931 0.0916667 0.0916667 0.320989 0.298075 7.42933e-12 7.42933e-12 0.0283333 0.009 0.009 
19.0468 0.100252 0.075 0.085 0.0456707 0.082073 0.592429 0.161667 0.155 0.417313 0.349935 0.307319 0.0916667 0.105 0.307319 0.335865 4.05604e-09 4.05604e-09 0.015 0.009 0.009 0.352497 0.108333 0.138333 0.285491 0.475664 0.647503 0.165 0.128333 0.475664 0.285491 2.94791e-11 2.94791e-11 0.0383333 0.009 0.009 1.37673e-11 1.37673e-11 0.00833333 0.009 0.009 0.0206108 0.00166667 0.085 0.0206108 0.0959502 0.373588 0.141667 0.0883333 0.373588 0.347771 0.605801 0.075 0.095 0.32716 0.292533 2.78193e-11 2.78193e-11 0.015 0.009 0.009 
19.1473 0.00421899 0.00166667 0.0816667 0.009 0.0559247 0.586205 0.138333 0.135 0.391894 0.403699 0.409576 0.135 0.0916667 0.39948 0.336217 2.27554e-11 2.27554e-11 0.035 0.009 0.009 0.0696603 0.0696603 0.131667 0.0696603 0.462458 0.93034 0.145 0.06966 0.462458 0.06966 3.61231e-08 3.61231e-08 0.0816667 0.009 0.009 3.61452e-10 3.61452e-10 0.0116667 0.009 0.009 2.02994e-07 2.02994e-07 0.0616667 0.009 0.0390408 0.204307 0.101667 0.138333 0.204307 0.35054 0.795693 0.121667 0.095 0.35054 0.182398 2.59081e-10 2.59081e-10 0.0483333 0.009 0.009 
19.2456 0.167449 0.165 0.128333 0.115472 0.067939 0.27625 0.245 0.231667 0.27625 0.543386 0.556301 0.161667 0.0916667 0.427913 0.235282 7.14033e-09 7.14033e-09 0.025 0.009 0.009 0.168575 0.141667 0.185 0.168575 0.428053 0.831425 0.245 0.151667 0.428053 0.168575 1.24636e-09 1.24636e-09 0.111667 0.009 0.009 2.95502e-10 2.95502e-10 0.015 0.009 0.009 0.12464 0.085 0.075 0.12464 0.009 7.77382e-09 7.77382e-09 0.215 0.009 0.502472 0.87536 0.155 0.0916667 0.377832 0.052827 2.18537e-09 2.18537e-09 0.065 0.009 0.0323084 
19.3453 0.000945286 0.000945286 0.101667 0.009 0.0645512 0.477621 0.198333 0.155 0.33605 0.402926 0.521434 0.138333 0.188333 0.401981 0.272346 2.33538e-09 2.33538e-09 0.0416667 0.009 0.009 6.32753e-10 6.32753e-10 0.168333 0.009 0.442865 1 0.198333 0 0.442865 0.009 2.15383e-14 2.15383e-14 0.121667 0.009 0.009 1.32996e-11 1.32996e-11 0.0316667 0.009 0.009 0.0105867 0.00166667 0.0483333 0.0105867 0.0224634 0.0898207 0.0898207 0.108333 0.0898207 0.32193 0.899593 0.118333 0.0883333 0.311344 0.094518 6.20233e-10 6.20233e-10 0.0716667 0.009 0.009 
19.4468 0.103419 0.0116667 0.248333 0.103419 0.055675 0.378336 0.338333 0.258333 0.068003 0.236215 0.46115 0.225 0.191667 0.227716 0.080593 0.0570957 0.0516667 0.0716667 0.0570967 0.192909 0.0275333 0.0275333 0.185 0.0275333 0.40573 0.972467 0.245 0.027533 0.40573 0.027533 2.29584e-09 2.29584e-09 0.208333 0.009 0.106765 7.06207e-11 7.06207e-11 0.00833333 0.009 0.009 3.95098e-07 3.95098e-07 0.101667 0.009 0.009 0.275433 0.181667 0.205 0.027968 0.124083 0.595332 0.251667 0.178333 0.190334 0.134382 0.129235 0.111667 0.105 0.129236 0.192624 
19.6255 7.35301e-10 7.35301e-10 -0.00166667 0.009 0.009 3.40651e-10 3.40651e-10 0.0983333 0.009 0.350272 1 0.128333 0 0.350272 0.009 3.31508e-11 3.31508e-11 0.0616667 0.009 0.122682 4.42962e-10 4.42962e-10 0.171667 0.009 0.009 0.944066 0.175 0.055934 0.507588 0.055934 0.0559338 0.00166667 0.128333 0.0559338 0.507588 8.37762e-10 8.37762e-10 0.0483333 0.009 0.009 1.52463e-11 1.52463e-11 0.025 0.009 0.009 2.91289e-12 2.91289e-12 0.0516667 0.009 0.009 0.893838 0.138333 0.085 0.274523 0.106162 0.106162 0.0883333 0.101667 0.106162 0.274523 
