meanE | mean_lnA | mean_Stat | mean_Syst (low,up) | Var_lnA | Var_Syst (low,up)
   1.785e+01   7.402e-01   4.956e-02   3.475e-01   4.422e-01   6.712e-01  6.954e-01   7.964e-01
   1.795e+01   5.504e-01   5.995e-02   3.436e-01   4.416e-01   8.080e-01  7.269e-01   8.469e-01
   1.805e+01   5.539e-01   6.001e-02   3.404e-01   4.399e-01   3.992e-01  7.201e-01   8.465e-01
   1.815e+01   2.944e-01   7.456e-02   3.380e-01   4.366e-01   7.217e-01  7.730e-01   9.158e-01
   1.825e+01   2.064e-01   8.086e-02   3.370e-01   4.314e-01   9.426e-01  7.980e-01   9.444e-01
   1.835e+01   2.870e-01   8.301e-02   3.359e-01   4.232e-01   1.148e-01  7.514e-01   8.724e-01
   1.845e+01   3.379e-01   8.725e-02   3.364e-01   4.132e-01  -7.720e-01  7.182e-01   8.120e-01
   1.855e+01   4.711e-01   9.358e-02   3.385e-01   4.012e-01  -4.665e-01  6.918e-01   7.547e-01
   1.865e+01   6.282e-01   1.103e-01   3.421e-01   3.886e-01   3.137e-03  6.668e-01   6.976e-01
   1.875e+01   8.009e-01   1.146e-01   3.471e-01   3.754e-01  -8.337e-01  6.303e-01   6.265e-01
   1.885e+01   7.755e-01   1.231e-01   3.532e-01   3.626e-01  -1.196e+00  6.363e-01   6.018e-01
   1.895e+01   9.577e-01   1.357e-01   3.602e-01   3.514e-01  -8.118e-01  6.139e-01   5.518e-01
   1.905e+01   1.114e+00   1.379e-01   3.681e-01   3.416e-01  -1.032e+00  5.928e-01   5.059e-01
   1.914e+01   1.305e+00   1.506e-01   3.761e-01   3.342e-01  -9.647e-01  5.675e-01   4.625e-01
   1.925e+01   1.020e+00   2.115e-01   3.853e-01   3.280e-01  -2.534e-01  6.351e-01   5.038e-01
   1.934e+01   1.503e+00   2.096e-01   3.942e-01   3.243e-01  -3.036e-01  5.562e-01   4.225e-01
   1.945e+01   1.125e+00   4.029e-01   4.044e-01   3.215e-01   8.821e-01  6.486e-01   4.877e-01
   1.962e+01   1.865e+00   2.102e-01   4.223e-01   3.199e-01  -1.058e+00  5.089e-01   3.512e-01
