meanE | mean_lnA | mean_Stat | mean_Syst
  17.5466   1.94499  0.082783  0.65441
  17.6475   1.69607  0.0788194  0.633069
  17.7472   1.67876  0.0733403  0.613307
  17.8468   1.61292  0.0963935  0.59476
  17.9469   1.38937  0.118361  0.577216
  18.048   0.489287  0.182298  0.560517
  18.147   0.533002  0.212767  0.545076
  18.2455   1.15727  0.189537  0.530534
  18.3482   0.654292  0.243468  0.516176
  18.4501   1.20676  0.327259  0.502678
  18.5421   1.06384  0.358288  0.491084
  18.6458   1.45239  0.382472  0.47864
