meanE | mean_lnA | mean_Stat | mean_Syst (low,up) | Var_lnA | Var_Syst (low,up)
   1.785e+01   7.516e-01   4.790e-02   3.394e-01   4.294e-01   1.309e+00  5.690e-01   6.440e-01
   1.795e+01   5.805e-01   5.787e-02   3.353e-01   4.284e-01   1.603e+00  5.892e-01   6.787e-01
   1.805e+01   5.963e-01   5.786e-02   3.319e-01   4.263e-01   1.240e+00  5.790e-01   6.745e-01
   1.815e+01   3.588e-01   7.181e-02   3.294e-01   4.226e-01   1.775e+00  6.189e-01   7.280e-01
   1.825e+01   2.869e-01   7.779e-02   3.281e-01   4.173e-01   2.107e+00  6.389e-01   7.541e-01
   1.835e+01   3.774e-01   7.977e-02   3.266e-01   4.089e-01   1.260e+00  5.833e-01   6.747e-01
   1.845e+01   4.390e-01   8.374e-02   3.267e-01   3.988e-01   3.673e-01  5.400e-01   6.080e-01
   1.855e+01   5.796e-01   8.971e-02   3.283e-01   3.870e-01   6.322e-01  5.127e-01   5.587e-01
   1.865e+01   7.424e-01   1.056e-01   3.312e-01   3.745e-01   1.045e+00  4.891e-01   5.135e-01
   1.875e+01   9.201e-01   1.096e-01   3.355e-01   3.615e-01   1.223e-01  4.512e-01   4.512e-01
   1.885e+01   9.083e-01   1.176e-01   3.409e-01   3.489e-01  -2.054e-01  4.459e-01   4.252e-01
   1.895e+01   1.094e+00   1.295e-01   3.471e-01   3.378e-01   1.007e-01  4.281e-01   3.901e-01
   1.905e+01   1.255e+00   1.315e-01   3.541e-01   3.282e-01  -1.874e-01  4.089e-01   3.551e-01
   1.914e+01   1.449e+00   1.434e-01   3.613e-01   3.208e-01  -2.021e-01  3.902e-01   3.253e-01
   1.925e+01   1.189e+00   2.011e-01   3.695e-01   3.147e-01   6.671e-01  4.320e-01   3.526e-01
   1.934e+01   1.659e+00   1.991e-01   3.774e-01   3.107e-01   3.882e-01  3.826e-01   3.016e-01
   1.945e+01   1.314e+00   3.822e-01   3.867e-01   3.078e-01   1.752e+00  4.434e-01   3.488e-01
   1.962e+01   2.035e+00   1.990e-01   4.025e-01   3.055e-01  -4.948e-01  3.472e-01   2.515e-01
