meanE | mean_lnA | mean_Stat | mean_Syst
18.2482   1.18301   0.00948119   0.427982
18.3473   1.36447   0.0116018   0.42964
18.4469   1.5863   0.0142133   0.43132
18.5466   1.84677   0.0178593   0.433015
18.6467   2.03648   0.0225276   0.43473
18.7474   2.3488   0.0285946   0.436469
18.8483   2.54282   0.0346007   0.438225
18.9487   2.73782   0.042672   0.439987
19.0476   2.94019   0.0498789   0.441737
19.1471   3.11509   0.0616242   0.443511
19.2472   3.23803   0.080185   0.44531
19.3466   3.34874   0.107338   0.447111
19.4457   3.95566   0.13225   0.448922
19.5467   3.65668   0.17087   0.450782
19.6413   4.41709   0.160903   0.452538
19.7424   3.98626   0.234407   0.454431
19.8772   3.77638   0.261739   0.456978
