meanE | mean_lnA | mean_Stat | mean_Syst (low,up) | Var_lnA | Var_Stat (low,up) | Var_Syst (low,up)
   17.26   1.94   0.1   0.36   0.42   1.71   0.6   0.63   0.78   0.82
   17.35   1.62   0.08   0.34   0.41   1.89   0.5   0.52   0.82   0.89
   17.45   1.77   0.06   0.33   0.4   1.3   0.38   0.39   0.73   0.8
   17.55   1.74   0.06   0.32   0.4   1.42   0.39   0.4   0.71   0.79
   17.65   1.75   0.05   0.31   0.4   1.12   0.3   0.3   0.67   0.76
   17.75   1.59   0.06   0.3   0.39   1.5   0.42   0.44   0.68   0.79
   17.85   1.55   0.02   0.29   0.39   1.22   0.09   0.09   0.65   0.77
   17.95   1.47   0.03   0.28   0.39   1.25   0.07   0.07   0.65   0.78
   18.05   1.37   0.01   0.28   0.39   1.15   0.03   0.03   0.67   0.82
   18.15   1.29   0.05   0.28   0.38   0.96   0.32   0.33   0.68   0.83
   18.25   1.23   0.05   0.28   0.38   1.26   0.35   0.36   0.69   0.84
   18.35   1.27   0.06   0.28   0.37   0.94   0.35   0.36   0.67   0.8
   18.45   1.26   0.07   0.28   0.36   0.66   0.38   0.39   0.65   0.76
   18.55   1.45   0.07   0.28   0.35   0.72   0.41   0.42   0.61   0.69
   18.65   1.53   0.09   0.29   0.34   0.74   0.51   0.53   0.59   0.64
   18.75   1.84   0.08   0.29   0.33   0.22   0.37   0.39   0.51   0.53
   18.85   1.85   0.08   0.3   0.32   0.02   0.31   0.32   0.5   0.49
   18.95   2.02   0.1   0.3   0.31   0.1   0.41   0.43   0.48   0.44
   19.05   2.01   0.11   0.31   0.3   0.44   0.52   0.55   0.49   0.43
   19.15   2.3   0.12   0.32   0.29   -0.2   0.35   0.37   0.42   0.34
   19.24   2.23   0.18   0.33   0.28   0.67   0.78   0.86   0.47   0.37
   19.34   2.42   0.16   0.34   0.28   -0.14   0.47   0.51   0.43   0.32
   19.45   2.51   0.22   0.35   0.27   0.45   0.8   0.89   0.45   0.33
   19.63   3.03   0.14   0.37   0.28   -0.27   0.28   0.3   0.35   0.25
