meanE | mean_lnA | mean_Stat | mean_Syst
18.2482   0.568455   0.00881221   0.397784
18.3473   0.711797   0.0106965   0.396115
18.4469   0.889441   0.0129984   0.394453
18.5466   1.09905   0.0162008   0.392803
18.6467   1.24126   0.0202698   0.39116
18.7474   1.49019   0.0255189   0.389521
18.8483   1.63004   0.0306266   0.387892
18.9487   1.76837   0.0374637   0.386285
19.0476   1.91114   0.0434403   0.384715
19.1471   2.02741   0.0532371   0.383149
19.2472   2.09677   0.0687103   0.381585
19.3466   2.1546   0.0912372   0.380045
19.4457   2.6297   0.111511   0.378523
19.5467   2.33844   0.142896   0.376983
19.6413   2.9331   0.13353   0.375552
19.7424   2.53473   0.192937   0.374035
19.8772   2.30993   0.213085   0.372031
