meanE | mean_lnA | mean_Stat | mean_Syst
  17.5466   3.1444  0.0944279  0.746464
  17.6475   2.8892  0.0905196  0.727044
  17.7472   2.89617  0.0847623  0.708823
  17.8468   2.84512  0.112074  0.69151
  17.9469   2.60769  0.138401  0.674942
  18.048   1.57112  0.214326  0.658995
  18.147   1.63763  0.251418  0.644093
  18.2455   2.39323  0.225043  0.62992
  18.3482   1.81104  0.290454  0.615792
  18.4501   2.48735  0.392173  0.602387
  18.5421   2.33032  0.431023  0.590776
  18.6458   2.81512  0.46204  0.578214
