meanE | mean_lnA | mean_Stat | mean_Syst (low,up) | Var_lnA | Var_Syst (low,up)
   1.785e+01   1.292e+00   4.809e-02   3.395e-01   4.305e-01   1.964e+00  5.603e-01   6.197e-01
   1.795e+01   1.116e+00   5.831e-02   3.363e-01   4.309e-01   2.177e+00  5.943e-01   6.715e-01
   1.805e+01   1.127e+00   5.850e-02   3.340e-01   4.303e-01   1.828e+00  5.889e-01   6.726e-01
   1.815e+01   8.818e-01   7.286e-02   3.324e-01   4.279e-01   2.234e+00  6.449e-01   7.461e-01
   1.825e+01   8.031e-01   7.920e-02   3.321e-01   4.239e-01   2.496e+00  6.724e-01   7.800e-01
   1.835e+01   8.897e-01   8.151e-02   3.319e-01   4.169e-01   1.718e+00  6.249e-01   7.098e-01
   1.845e+01   9.474e-01   8.587e-02   3.333e-01   4.081e-01   8.825e-01  5.900e-01   6.517e-01
   1.855e+01   1.087e+00   9.232e-02   3.362e-01   3.974e-01   1.145e+00  5.635e-01   6.001e-01
   1.865e+01   1.250e+00   1.091e-01   3.406e-01   3.860e-01   1.554e+00  5.381e-01   5.492e-01
   1.875e+01   1.430e+00   1.136e-01   3.465e-01   3.740e-01   7.052e-01  4.976e-01   4.811e-01
   1.885e+01   1.414e+00   1.223e-01   3.534e-01   3.622e-01   3.702e-01  5.022e-01   4.621e-01
   1.895e+01   1.604e+00   1.352e-01   3.613e-01   3.521e-01   6.821e-01  4.780e-01   4.173e-01
   1.905e+01   1.770e+00   1.377e-01   3.702e-01   3.434e-01   4.165e-01  4.536e-01   3.746e-01
   1.914e+01   1.971e+00   1.508e-01   3.792e-01   3.370e-01   4.137e-01  4.249e-01   3.338e-01
   1.925e+01   1.696e+00   2.123e-01   3.891e-01   3.316e-01   1.205e+00  4.981e-01   3.852e-01
   1.934e+01   2.191e+00   2.108e-01   3.992e-01   3.289e-01   9.848e-01  4.104e-01   3.015e-01
   1.945e+01   1.822e+00   4.063e-01   4.104e-01   3.268e-01   2.275e+00  5.131e-01   3.790e-01
   1.962e+01   2.590e+00   2.129e-01   4.306e-01   3.271e-01   9.910e-02  3.502e-01   2.294e-01
