				QGSJET								EPOS
                data		proton		helium		oxygen		iron		proton		helium		oxygen		iron
xmax		500.	1100.	600.	1200.	560.	1040.	550.	960.	520.	900.	600.	1200.	560.	1100.	580.	1000.	560.	940.
x0		-550.	500.	-500.	200.	-450.	200.	-450.	150.	-450.	150.	-500.	200.	-450.	200.	-450.	200.	-450.	200.
lambda		35.	120.	35.	90.	40.	90.	40.	90.	35.	90.	35.	90.	35.	90.	35.	90.	35.	90.
shfoot		350.	1000.	350.	1050.	350.	900.	320.	900.	300.	850.	350.	1050.	360.	1000.	350.	1000.	320.	900.
energySD	1.e+18	1.e+20	1.e+18	1.e+20	1.e+18	1.e+20	1.e+18	1.e+20	1.e+18	1.e+20	1.e+18	1.e+20	1.e+18	1.e+20	1.e+18	1.e+20	1.e+18	1.e+20	
energyFD	1.e+18	1.e+20	1.e+18	1.e+20	1.e+18	1.e+20	1.e+18	1.e+20	1.e+18	1.e+20	1.e+18	1.e+20	1.e+18	1.e+20	1.e+18	1.e+20	1.e+18	1.e+20	
nrmu		0.	0.	0.	6.5e+8	0.	6.6e+8	0.	7.e+8	0.	7.e+8	0.	7.e+8	0.	7.5e+8	0.	7.5e+8	0.	8.e+8
shwsize		0.	300.	0.	440.	0.	460.	0.	450.	0.	500.	0.	460.	0.	500.	0.	500.	0.	550.
ldfbeta		-2.6	-1.5	-2.6	-1.5	-2.6	-1.5	-2.6	-1.5	-2.6	-1.5	-2.6	-1.5	-2.6	-1.5	-2.6	-1.5	-2.6	-1.5	
curvature	0.	0.0003	0.	0.0004	0.	0.0004	0.	0.0003	0.	0.0003	0.	0.0004	0.	0.0004	0.	0.0003	0.	0.0003
risetime	50.	600.	50.	700.	50.	700.	50.	600.	50.	650.	0.	750.	50.	700.	50.	700.	50.	650.
risetimerecalc	50.	850.	50.	700.	50.	700.	50.	600.	50.	650.	0.	750.	50.	700.	50.	800.	50.	700.
aop		2.5	4.5	2.	5.	2.	5.	2.	5.	2.	5.	2.	5.	2.	5.	2.	5.	2.	5.
zenithSD	0.	60.	0.	60.	0.	60.	0.	60.	0.	60.	0.	60.	0.	60.	0.	60.	0.	60.	
azimuthSD	0.	360.	0.	360.	0.	360.	0.	360.	0.	360.	0.	360.	0.	360.	0.	360.	0.	360.	
zenithFD	0.	60.	0.	60.	0.	60.	0.	60.	0.	60.	0.	60.	0.	60.	0.	60.	0.	60.	
azimuthFD	0.	360.	0.	360.	0.	360.	0.	360.	0.	360.	0.	360.	0.	360.	0.	360.	0.	360.	
latitudeSD	-90.	90.	-90.	90.	-90.	90.	-90.	90.	-90.	90.	-90.	90.	-90.	90.	-90.	90.	-90.	90.	
longitudeSD	0.	360.	0.	360.	0.	360.	0.	360.	0.	360.	0.	360.	0.	360.	0.	360.	0.	360.	
latitudeFD	-90.	90.	-90.	90.	-90.	90.	-90.	90.	-90.	90.	-90.	90.	-90.	90.	-90.	90.	-90.	90.	
longitudeFD	0.	360.	0.	360.	0.	360.	0.	360.	0.	360.	0.	360.	0.	360.	0.	360.	0.	360.	
